656955
526050
331315
165197
141756
1079396
326875
265531
152398
309907
372705
278360
2034469
691453
142811
348180
647080
296404
240336
162421
182258
532886
596186
116270
408393
539449
520560
600687
429425
906554
748468
1400935
190040
1633440
1176145
1082073
217139
605380
1264979
257849
411979
327835
764737
226901
1437137
682890
173166
330336
76286
815881
490669
563823
169250
305365
730398
181641
755566
1035866
199596
2588988
825077
276903
1452778
660240
683169
226839
479000
1132607
763204
1876051
233194
547824
560227
432548
828405
2148271
1243788
1423607
1448625
372627
569769
387898
262618
1073836
560997
683187
437398
370774
359520
332096
140145
1319401
1613762
1670149
1406041
1248354
376879
358749
290691
859959
279471
